Filename,Error_m,Pred_U,Pred_V,GT_U,GT_V
__EPszp5486MewfwSMqmSQ,37.742475,-122.404157,.png,4.2181,-85.33,56.89,-59.00,81.00
__vWqKayHTqgyH6OFfHMAA,37.760353,-122.437154,.png,5.1806,56.89,-99.56,91.00,-72.00
__zZxyUHz9Ip3MmXF2tY6Q,37.784604,-122.397970,.png,12.9398,14.22,-85.33,-88.00,-46.00
_0Ud0q5JrXcYKIpS8GZ0KA,37.776165,-122.403530,.png,2.8937,99.56,-156.44,98.00,-132.00
_1K1RVk7o2IyBeI76JBUmQ,37.754505,-122.399731,.png,2.8627,128.00,-142.22,146.00,-126.00
_1mNXV3JyhPuBbQk-xHABw,37.779935,-122.399929,.png,4.8900,-14.22,-14.22,-1.00,25.00
_6BKf5mOcUagfsoyWTdfOg,37.737270,-122.421105,.png,3.8147,-28.44,14.22,-9.00,40.00
_6cxUBsjqDIyAdZ1NXClMQ,37.765994,-122.431508,.png,1.3597,-28.44,-142.22,-31.00,-131.00
_07_RTN7dYw_7gfSukcbQA,37.784624,-122.414595,.png,5.9684,-71.11,-99.56,-107.00,-64.00
